Directory	File name	ID	Point-ID	T [frames]	X [micron]	Y [micron]	Z [micron]	Arc length  [micron]	Tangent vector X [micron]	Tangent vector Y [micron]	Tangent vector Z [micron]	Curvature [micron^(-1)]	Intensity A	Intensity B	Intensity A (normalized to reconstruction channel)	Intensity B (normalized to reconstruction channel)		Datafile was generated on 2021-03-03 21:15:20 by the imagej plug-in 'CiliaQ', © 2017 - 2021 Jan Niklas Hansen (jan.hansen@uni-bonn.de).	The plug-in 'CiliaQ' is distributed in the hope that it will be useful, but WITHOUT ANY WARRANTY; without even the implied warranty of MERCHANTABILITY or FITNESS FOR A PARTICULAR PURPOSE.	Plug-in version: V0.1.4
/Users/Examples/	MEF_SAG-treated_Example_CQP.tif	1	1	0	21.979638	32.383792	5.000000	0.000000	-0.642091	0.733818	0.221880	0.127205	557.555556	1992.222222	0.000000	0.000000
/Users/Examples/	MEF_SAG-treated_Example_CQP.tif	1	2	0	21.910736	32.452694	5.000000	0.097442	-0.664364	0.747409	0.000000	0.105311	673.000000	2650.000000	0.000000	0.000000
/Users/Examples/	MEF_SAG-treated_Example_CQP.tif	1	3	0	21.841834	32.521596	5.000000	0.194883	-0.624695	0.780869	0.000000	0.100288	639.444444	2231.666667	0.000000	0.000000
/Users/Examples/	MEF_SAG-treated_Example_CQP.tif	1	4	0	21.772933	32.590497	5.000000	0.292325	-0.633238	0.773957	0.000000	0.094407	684.111111	2193.333333	0.000000	0.000000
/Users/Examples/	MEF_SAG-treated_Example_CQP.tif	1	5	0	21.704031	32.659399	5.000000	0.389767	-0.633238	0.773957	0.000000	0.094407	807.000000	2535.000000	0.000000	0.000000
/Users/Examples/	MEF_SAG-treated_Example_CQP.tif	1	6	0	21.635129	32.659399	5.000000	0.458668	-0.633238	0.773957	0.000000	0.094407	768.000000	2307.000000	0.000000	0.000000
/Users/Examples/	MEF_SAG-treated_Example_CQP.tif	1	7	0	21.566228	32.728301	5.166667	0.651730	-0.633238	0.773957	0.000000	0.094407	717.222222	2109.777778	0.000000	0.000000
/Users/Examples/	MEF_SAG-treated_Example_CQP.tif	1	8	0	21.497326	32.797202	5.166667	0.749171	-0.633238	0.773957	0.000000	0.094407	710.666667	2223.000000	0.000000	0.000000
/Users/Examples/	MEF_SAG-treated_Example_CQP.tif	1	9	0	21.497326	32.866104	5.166667	0.818073	-0.633238	0.773957	0.000000	0.094407	721.000000	2409.000000	0.000000	0.000000
/Users/Examples/	MEF_SAG-treated_Example_CQP.tif	1	10	0	21.497326	32.935006	5.166667	0.886975	-0.633238	0.773957	0.000000	0.094407	759.666667	2053.333333	0.000000	0.000000
/Users/Examples/	MEF_SAG-treated_Example_CQP.tif	1	11	0	21.428424	33.003907	5.000000	1.080036	-0.624695	0.780869	0.000000	0.036171	960.555556	1768.000000	0.000000	0.000000
/Users/Examples/	MEF_SAG-treated_Example_CQP.tif	1	12	0	21.428424	33.072809	5.000000	1.148938	-0.613941	0.789352	0.000000	0.014854	1032.666667	1580.666667	0.000000	0.000000
/Users/Examples/	MEF_SAG-treated_Example_CQP.tif	1	13	0	21.359523	33.141711	5.000000	1.246380	-0.600000	0.800000	0.000000	0.022129	1061.000000	1465.555556	0.000000	0.000000
/Users/Examples/	MEF_SAG-treated_Example_CQP.tif	2	1	0	26.320444	33.141711	5.000000	0.000000	-0.993884	-0.110432	0.000000	-0.078017	763.000000	1878.666667	0.000000	0.000000
/Users/Examples/	MEF_SAG-treated_Example_CQP.tif	2	2	0	26.251542	33.141711	5.000000	0.068902	-0.980581	-0.196116	0.000000	-0.070492	625.000000	1902.000000	0.000000	0.000000
/Users/Examples/	MEF_SAG-treated_Example_CQP.tif	2	3	0	26.182641	33.141711	5.000000	0.137803	-0.983870	-0.178885	0.000000	-0.065991	654.333333	1831.666667	0.000000	0.000000
/Users/Examples/	MEF_SAG-treated_Example_CQP.tif	2	4	0	26.113739	33.141711	5.000000	0.206705	-0.983870	-0.178885	0.000000	-0.065991	683.666667	1761.333333	0.000000	0.000000
/Users/Examples/	MEF_SAG-treated_Example_CQP.tif	2	5	0	26.044837	33.141711	5.000000	0.275607	-0.967455	-0.161243	-0.195015	-0.060736	713.000000	1691.000000	0.000000	0.000000
/Users/Examples/	MEF_SAG-treated_Example_CQP.tif	2	6	0	25.975936	33.210613	4.833333	0.468668	-0.988372	-0.152057	0.000000	-0.058672	625.888889	1202.000000	0.000000	0.000000
/Users/Examples/	MEF_SAG-treated_Example_CQP.tif	2	7	0	25.907034	33.141711	4.833333	0.566110	-0.988372	-0.152057	0.000000	-0.058672	691.222222	1685.666667	0.000000	0.000000
/Users/Examples/	MEF_SAG-treated_Example_CQP.tif	2	8	0	25.838132	33.072809	4.833333	0.663551	-0.964140	-0.206601	-0.166583	-0.045743	787.000000	2194.000000	0.000000	0.000000
/Users/Examples/	MEF_SAG-treated_Example_CQP.tif	2	9	0	25.769230	33.072809	4.833333	0.732453	-0.968546	-0.193709	-0.156188	-0.046958	678.666667	1998.000000	0.000000	0.000000
/Users/Examples/	MEF_SAG-treated_Example_CQP.tif	2	10	0	25.700329	33.072809	5.000000	0.912801	-0.977841	-0.162973	-0.131406	-0.008184	570.333333	1802.000000	0.000000	0.000000
/Users/Examples/	MEF_SAG-treated_Example_CQP.tif	2	11	0	25.631427	33.003907	5.000000	1.010242	-0.977841	-0.162973	-0.131406	0.031582	522.666667	1931.000000	0.000000	0.000000
/Users/Examples/	MEF_SAG-treated_Example_CQP.tif	2	12	0	25.562525	33.003907	5.000000	1.079144	-0.977841	-0.162973	-0.131406	0.025327	610.111111	2030.000000	0.000000	0.000000
/Users/Examples/	MEF_SAG-treated_Example_CQP.tif	2	13	0	25.493624	33.003907	4.833333	1.259491	-0.975256	-0.172104	-0.138768	0.112907	697.555556	2129.000000	0.000000	0.000000
/Users/Examples/	MEF_SAG-treated_Example_CQP.tif	2	14	0	25.424722	33.003907	5.000000	1.439839	-0.967894	-0.215088	0.130069	0.013972	785.000000	2228.000000	0.000000	0.000000
/Users/Examples/	MEF_SAG-treated_Example_CQP.tif	2	15	0	25.355820	32.935006	4.833333	1.632900	-0.981298	-0.122662	0.148354	0.058920	1013.777778	2362.333333	0.000000	0.000000
/Users/Examples/	MEF_SAG-treated_Example_CQP.tif	2	16	0	25.286919	32.935006	4.833333	1.701802	-0.978802	-0.130507	0.157842	0.056468	1073.555556	2284.666667	0.000000	0.000000
/Users/Examples/	MEF_SAG-treated_Example_CQP.tif	2	17	0	25.218017	32.935006	4.833333	1.770704	-0.989949	-0.141421	0.000000	0.050611	1133.333333	2207.000000	0.000000	0.000000
/Users/Examples/	MEF_SAG-treated_Example_CQP.tif	2	18	0	25.149115	32.935006	4.833333	1.839605	-0.989949	-0.141421	0.000000	0.050611	1158.777778	2182.111111	0.000000	0.000000
/Users/Examples/	MEF_SAG-treated_Example_CQP.tif	2	19	0	25.080214	32.935006	4.833333	1.908507	-0.989949	-0.141421	0.000000	0.050611	1184.222222	2157.222222	0.000000	0.000000
/Users/Examples/	MEF_SAG-treated_Example_CQP.tif	2	20	0	25.011312	32.935006	4.833333	1.977409	-0.997054	-0.076696	0.000000	0.054253	1209.666667	2132.333333	0.000000	0.000000
/Users/Examples/	MEF_SAG-treated_Example_CQP.tif	2	21	0	24.942410	32.935006	4.833333	2.046310	-0.996546	-0.083045	0.000000	0.057161	1143.777778	2018.666667	0.000000	0.000000
/Users/Examples/	MEF_SAG-treated_Example_CQP.tif	2	22	0	24.873509	32.935006	4.833333	2.115212	-0.972838	-0.088440	0.213928	0.071430	1077.888889	1905.000000	0.000000	0.000000
/Users/Examples/	MEF_SAG-treated_Example_CQP.tif	2	23	0	24.804607	32.935006	5.000000	2.295560	-0.995037	-0.099504	0.000000	0.095233	1012.000000	1791.333333	0.000000	0.000000
/Users/Examples/	MEF_SAG-treated_Example_CQP.tif	2	24	0	24.735705	32.935006	5.000000	2.364461	-0.995037	-0.099504	0.000000	0.095233	1109.000000	1923.222222	0.000000	0.000000
/Users/Examples/	MEF_SAG-treated_Example_CQP.tif	3	1	0	30.661250	3.996298	5.000000	0.000000	-0.707107	-0.707107	0.000000	0.055385	467.222222	1954.222222	0.000000	0.000000
/Users/Examples/	MEF_SAG-treated_Example_CQP.tif	3	2	0	30.592348	3.927396	5.166667	0.193061	-0.707107	-0.707107	0.000000	0.088436	507.000000	2380.000000	0.000000	0.000000
/Users/Examples/	MEF_SAG-treated_Example_CQP.tif	3	3	0	30.523447	3.858494	5.166667	0.290503	-0.707107	-0.707107	0.000000	0.088436	513.222222	2195.888889	0.000000	0.000000
/Users/Examples/	MEF_SAG-treated_Example_CQP.tif	3	4	0	30.454545	3.789593	5.166667	0.387945	-0.730335	-0.663941	-0.160601	0.039542	514.555556	2132.222222	0.000000	0.000000
/Users/Examples/	MEF_SAG-treated_Example_CQP.tif	3	5	0	30.385643	3.720691	5.000000	0.581006	-0.728030	-0.672028	-0.135464	-0.000000	511.000000	2189.000000	0.000000	0.000000
/Users/Examples/	MEF_SAG-treated_Example_CQP.tif	3	6	0	30.316742	3.651789	5.000000	0.678448	-0.726990	-0.675062	-0.125609	0.000000	398.111111	2019.888889	0.000000	0.000000
/Users/Examples/	MEF_SAG-treated_Example_CQP.tif	3	7	0	30.247840	3.582888	5.000000	0.775889	-0.726027	-0.677626	-0.117079	0.000000	318.777778	2033.222222	0.000000	0.000000
/Users/Examples/	MEF_SAG-treated_Example_CQP.tif	3	8	0	30.178938	3.513986	5.000000	0.873331	-0.725140	-0.679819	-0.109628	0.000000	273.000000	2229.000000	0.000000	0.000000
/Users/Examples/	MEF_SAG-treated_Example_CQP.tif	3	9	0	30.110037	3.445084	5.000000	0.970773	-0.724322	-0.681715	-0.103063	0.000000	344.777778	1855.111111	0.000000	0.000000
/Users/Examples/	MEF_SAG-treated_Example_CQP.tif	3	10	0	30.041135	3.376183	5.000000	1.068214	-0.713050	-0.671106	-0.202918	0.000000	303.444444	1684.111111	0.000000	0.000000
/Users/Examples/	MEF_SAG-treated_Example_CQP.tif	3	11	0	29.972233	3.307281	5.000000	1.165656	-0.713050	-0.671106	-0.202918	0.000000	149.000000	1716.000000	0.000000	0.000000
/Users/Examples/	MEF_SAG-treated_Example_CQP.tif	3	12	0	29.903332	3.307281	4.833333	1.346004	-0.703101	-0.703101	-0.106296	-0.083543	222.666667	1493.000000	0.000000	0.000000
/Users/Examples/	MEF_SAG-treated_Example_CQP.tif	3	13	0	29.834430	3.238379	4.833333	1.443445	-0.707107	-0.707107	0.000000	-0.084640	371.444444	1382.555556	0.000000	0.000000
/Users/Examples/	MEF_SAG-treated_Example_CQP.tif	3	14	0	29.765528	3.169478	4.833333	1.540887	-0.707107	-0.707107	0.000000	-0.084796	426.000000	1375.666667	0.000000	0.000000
/Users/Examples/	MEF_SAG-treated_Example_CQP.tif	3	15	0	29.696627	3.100576	4.833333	1.638329	-0.707107	-0.707107	0.000000	-0.087587	417.000000	1389.666667	0.000000	0.000000
/Users/Examples/	MEF_SAG-treated_Example_CQP.tif	3	16	0	29.627725	3.031674	4.833333	1.735770	-0.707107	-0.707107	0.000000	-0.089846	358.000000	1400.777778	0.000000	0.000000
/Users/Examples/	MEF_SAG-treated_Example_CQP.tif	3	17	0	29.558823	2.962772	4.833333	1.833212	-0.707107	-0.707107	0.000000	-0.092686	271.000000	1501.666667	0.000000	0.000000
/Users/Examples/	MEF_SAG-treated_Example_CQP.tif	3	18	0	29.489922	2.893871	4.833333	1.930654	-0.707107	-0.707107	0.000000	-0.096147	256.666667	1587.333333	0.000000	0.000000
/Users/Examples/	MEF_SAG-treated_Example_CQP.tif	3	19	0	29.421020	2.824969	4.833333	2.028096	-0.707107	-0.707107	0.000000	-0.133748	299.888889	1561.222222	0.000000	0.000000
/Users/Examples/	MEF_SAG-treated_Example_CQP.tif	3	20	0	29.421020	2.756067	5.000000	2.208443	-0.668386	-0.729148	0.146978	-0.123403	321.444444	1655.777778	0.000000	0.000000
/Users/Examples/	MEF_SAG-treated_Example_CQP.tif	3	21	0	29.352118	2.687166	5.000000	2.305885	-0.668386	-0.729148	0.146978	-0.123403	344.000000	1549.000000	0.000000	0.000000
/Users/Examples/	MEF_SAG-treated_Example_CQP.tif	3	22	0	29.283216	2.618264	5.000000	2.403326	-0.663941	-0.730335	0.160601	-0.089320	448.666667	1524.777778	0.000000	0.000000
/Users/Examples/	MEF_SAG-treated_Example_CQP.tif	3	23	0	29.214315	2.549362	5.000000	2.500768	-0.658407	-0.731564	0.176958	-0.097552	503.333333	1625.444444	0.000000	0.000000
/Users/Examples/	MEF_SAG-treated_Example_CQP.tif	3	24	0	29.145413	2.480461	5.000000	2.598210	-0.651352	-0.732771	0.196945	-0.107455	508.000000	1851.000000	0.000000	0.000000
/Users/Examples/	MEF_SAG-treated_Example_CQP.tif	4	1	0	49.747017	4.892020	5.500000	0.000000	-0.362364	0.905910	-0.219131	0.050448	266.777778	1680.111111	0.000000	0.000000
/Users/Examples/	MEF_SAG-treated_Example_CQP.tif	4	2	0	49.678115	4.960921	5.500000	0.097442	-0.310600	0.931799	-0.187828	0.049738	314.000000	2119.000000	0.000000	0.000000
/Users/Examples/	MEF_SAG-treated_Example_CQP.tif	4	3	0	49.609214	5.029823	5.500000	0.194883	-0.353685	0.919581	-0.171106	0.056700	387.666667	2546.666667	0.000000	0.000000
/Users/Examples/	MEF_SAG-treated_Example_CQP.tif	4	4	0	49.678115	5.098725	5.333333	0.387945	-0.367296	0.918241	-0.148076	0.082345	335.333333	1877.000000	0.000000	0.000000
/Users/Examples/	MEF_SAG-treated_Example_CQP.tif	4	5	0	49.609214	5.167626	5.333333	0.485386	-0.347658	0.927087	-0.140158	0.082334	399.000000	2296.000000	0.000000	0.000000
/Users/Examples/	MEF_SAG-treated_Example_CQP.tif	4	6	0	49.609214	5.236528	5.333333	0.554288	-0.329864	0.934615	-0.132985	0.076235	432.666667	2122.333333	0.000000	0.000000
/Users/Examples/	MEF_SAG-treated_Example_CQP.tif	4	7	0	49.609214	5.305430	5.333333	0.623190	-0.329864	0.934615	-0.132985	0.076235	466.333333	1948.666667	0.000000	0.000000
/Users/Examples/	MEF_SAG-treated_Example_CQP.tif	4	8	0	49.540312	5.374331	5.333333	0.720631	-0.329864	0.934615	-0.132985	0.076235	513.333333	2121.333333	0.000000	0.000000
/Users/Examples/	MEF_SAG-treated_Example_CQP.tif	4	9	0	49.540312	5.443233	5.333333	0.789533	-0.329864	0.934615	-0.132985	0.076235	528.777778	2114.222222	0.000000	0.000000
/Users/Examples/	MEF_SAG-treated_Example_CQP.tif	4	10	0	49.471410	5.512135	5.333333	0.886975	-0.329864	0.934615	-0.132985	0.076235	541.111111	2471.888889	0.000000	0.000000
/Users/Examples/	MEF_SAG-treated_Example_CQP.tif	4	11	0	49.471410	5.581037	5.333333	0.955877	-0.329864	0.934615	-0.132985	0.076235	548.333333	2474.000000	0.000000	0.000000
/Users/Examples/	MEF_SAG-treated_Example_CQP.tif	4	12	0	49.471410	5.649938	5.333333	1.024778	-0.295217	0.944695	-0.142821	-0.067487	677.777778	2410.222222	0.000000	0.000000
/Users/Examples/	MEF_SAG-treated_Example_CQP.tif	4	13	0	49.471410	5.718840	5.333333	1.093680	-0.295217	0.944695	-0.142821	-0.067487	807.222222	2346.444444	0.000000	0.000000
/Users/Examples/	MEF_SAG-treated_Example_CQP.tif	4	14	0	49.402509	5.787742	5.333333	1.191122	-0.254591	0.954715	-0.153958	0.068272	1148.000000	2743.000000	0.000000	0.000000
/Users/Examples/	MEF_SAG-treated_Example_CQP.tif	4	15	0	49.333607	5.856643	5.333333	1.288563	-0.336336	0.941742	0.000000	0.072050	838.333333	2431.000000	0.000000	0.000000
/Users/Examples/	MEF_SAG-treated_Example_CQP.tif	4	16	0	49.333607	5.925545	5.333333	1.357465	-0.336336	0.941742	0.000000	0.072050	756.333333	2438.666667	0.000000	0.000000
/Users/Examples/	MEF_SAG-treated_Example_CQP.tif	4	17	0	49.333607	5.994447	5.333333	1.426367	-0.294086	0.955779	0.000000	0.071916	674.333333	2446.333333	0.000000	0.000000
/Users/Examples/	MEF_SAG-treated_Example_CQP.tif	4	18	0	49.333607	6.063348	5.333333	1.495268	-0.316228	0.948683	0.000000	0.071426	614.000000	2280.333333	0.000000	0.000000
/Users/Examples/	MEF_SAG-treated_Example_CQP.tif	5	1	0	20.257096	38.171534	5.333333	0.000000	-0.970143	-0.242536	0.000000	0.032672	557.333333	1326.333333	0.000000	0.000000
/Users/Examples/	MEF_SAG-treated_Example_CQP.tif	5	2	0	20.188194	38.171534	5.333333	0.068902	-0.988372	-0.152057	0.000000	0.023557	553.000000	1339.000000	0.000000	0.000000
/Users/Examples/	MEF_SAG-treated_Example_CQP.tif	5	3	0	20.119292	38.102632	5.333333	0.166343	-0.991228	-0.132164	0.000000	0.044889	689.000000	1735.000000	0.000000	0.000000
/Users/Examples/	MEF_SAG-treated_Example_CQP.tif	5	4	0	20.050391	38.102632	5.333333	0.235245	-0.991228	-0.132164	0.000000	0.044889	707.666667	1778.666667	0.000000	0.000000
/Users/Examples/	MEF_SAG-treated_Example_CQP.tif	5	5	0	19.981489	38.102632	5.333333	0.304147	-0.982872	-0.184289	0.000000	0.032048	633.222222	1558.555556	0.000000	0.000000
/Users/Examples/	MEF_SAG-treated_Example_CQP.tif	5	6	0	19.912587	38.033731	5.333333	0.401588	-0.982872	-0.184289	0.000000	0.032048	692.333333	1592.333333	0.000000	0.000000
/Users/Examples/	MEF_SAG-treated_Example_CQP.tif	5	7	0	19.843686	38.033731	5.333333	0.470490	-0.982872	-0.184289	0.000000	0.032048	603.000000	1292.000000	0.000000	0.000000
/Users/Examples/	MEF_SAG-treated_Example_CQP.tif	5	8	0	19.774784	38.033731	5.333333	0.539392	-0.982872	-0.184289	0.000000	0.032048	760.000000	1324.666667	0.000000	0.000000
/Users/Examples/	MEF_SAG-treated_Example_CQP.tif	5	9	0	19.705882	38.033731	5.333333	0.608294	-0.982872	-0.184289	0.000000	0.032048	917.000000	1357.333333	0.000000	0.000000
/Users/Examples/	MEF_SAG-treated_Example_CQP.tif	5	10	0	19.636980	37.964829	5.333333	0.705735	-0.982872	-0.184289	0.000000	0.032048	1163.666667	1468.333333	0.000000	0.000000
/Users/Examples/	MEF_SAG-treated_Example_CQP.tif	5	11	0	19.568079	37.964829	5.333333	0.774637	-0.982872	-0.184289	0.000000	0.032048	1050.777778	1387.777778	0.000000	0.000000
/Users/Examples/	MEF_SAG-treated_Example_CQP.tif	5	12	0	19.499177	37.964829	5.333333	0.843539	-0.982872	-0.184289	0.000000	0.032048	937.888889	1307.222222	0.000000	0.000000
/Users/Examples/	MEF_SAG-treated_Example_CQP.tif	5	13	0	19.430275	37.964829	5.333333	0.912440	-0.982872	-0.184289	0.000000	0.032048	825.000000	1226.666667	0.000000	0.000000
/Users/Examples/	MEF_SAG-treated_Example_CQP.tif	5	14	0	19.361374	38.033731	5.333333	1.009882	-0.980581	-0.196116	0.000000	-0.005313	761.333333	1177.333333	0.000000	0.000000
/Users/Examples/	MEF_SAG-treated_Example_CQP.tif	5	15	0	19.292472	38.033731	5.333333	1.078784	-0.989949	-0.141421	0.000000	-0.015108	703.666667	1104.666667	0.000000	0.000000
/Users/Examples/	MEF_SAG-treated_Example_CQP.tif	5	16	0	19.223570	38.033731	5.333333	1.147685	-0.989949	-0.141421	0.000000	-0.015108	646.000000	1032.000000	0.000000	0.000000
/Users/Examples/	MEF_SAG-treated_Example_CQP.tif	5	17	0	19.154669	37.964829	5.333333	1.245127	-0.986394	-0.164399	0.000000	0.010733	635.333333	972.333333	0.000000	0.000000
/Users/Examples/	MEF_SAG-treated_Example_CQP.tif	6	1	0	42.167832	48.437885	5.500000	0.000000	-0.920345	-0.334671	-0.202384	0.029267	513.333333	1983.000000	0.000000	0.000000
/Users/Examples/	MEF_SAG-treated_Example_CQP.tif	6	2	0	42.098930	48.437885	5.500000	0.068902	-0.931799	-0.310600	-0.187828	0.014650	463.333333	1781.555556	0.000000	0.000000
/Users/Examples/	MEF_SAG-treated_Example_CQP.tif	6	3	0	42.030028	48.437885	5.500000	0.137803	-0.941014	-0.289543	-0.175094	0.000000	413.333333	1580.111111	0.000000	0.000000
/Users/Examples/	MEF_SAG-treated_Example_CQP.tif	6	4	0	41.961127	48.437885	5.500000	0.206705	-0.941014	-0.289543	-0.175094	0.000000	363.333333	1378.666667	0.000000	0.000000
/Users/Examples/	MEF_SAG-treated_Example_CQP.tif	6	5	0	41.892225	48.437885	5.500000	0.275607	-0.941014	-0.289543	-0.175094	0.000000	345.666667	1262.555556	0.000000	0.000000
/Users/Examples/	MEF_SAG-treated_Example_CQP.tif	6	6	0	41.823323	48.368983	5.333333	0.468668	-0.941014	-0.289543	-0.175094	0.000000	321.333333	1507.000000	0.000000	0.000000
/Users/Examples/	MEF_SAG-treated_Example_CQP.tif	6	7	0	41.754422	48.300082	5.333333	0.566110	-0.941014	-0.289543	-0.175094	0.000000	426.000000	1828.666667	0.000000	0.000000
/Users/Examples/	MEF_SAG-treated_Example_CQP.tif	6	8	0	41.685520	48.300082	5.333333	0.635011	-0.941014	-0.289543	-0.175094	0.000000	477.777778	1795.888889	0.000000	0.000000
/Users/Examples/	MEF_SAG-treated_Example_CQP.tif	6	9	0	41.616618	48.231180	5.333333	0.732453	-0.941014	-0.289543	-0.175094	0.000000	678.777778	2238.888889	0.000000	0.000000
/Users/Examples/	MEF_SAG-treated_Example_CQP.tif	6	10	0	41.547717	48.231180	5.333333	0.801355	-0.941014	-0.289543	-0.175094	0.000000	724.666667	2218.666667	0.000000	0.000000
/Users/Examples/	MEF_SAG-treated_Example_CQP.tif	6	11	0	41.478815	48.231180	5.333333	0.870256	-0.941014	-0.289543	-0.175094	0.000000	741.111111	2238.555556	0.000000	0.000000
/Users/Examples/	MEF_SAG-treated_Example_CQP.tif	6	12	0	41.409913	48.162278	5.333333	0.967698	-0.941014	-0.289543	-0.175094	0.000000	842.000000	2846.333333	0.000000	0.000000
/Users/Examples/	MEF_SAG-treated_Example_CQP.tif	6	13	0	41.341011	48.162278	5.333333	1.036600	-0.931799	-0.310600	-0.187828	-0.014650	829.000000	2916.000000	0.000000	0.000000
/Users/Examples/	MEF_SAG-treated_Example_CQP.tif	6	14	0	41.272110	48.162278	5.333333	1.105502	-0.920345	-0.334671	-0.202384	-0.029267	725.666667	2789.666667	0.000000	0.000000
/Users/Examples/	MEF_SAG-treated_Example_CQP.tif	7	1	0	45.061702	25.218017	6.166667	0.000000	0.846958	0.338783	-0.409742	-0.128363	628.000000	2393.000000	0.000000	0.000000
/Users/Examples/	MEF_SAG-treated_Example_CQP.tif	7	2	0	45.130604	25.218017	6.000000	0.180347	0.894427	0.447214	0.000000	-0.188065	693.000000	2490.666667	0.000000	0.000000
/Users/Examples/	MEF_SAG-treated_Example_CQP.tif	7	3	0	45.199506	25.286919	6.166667	0.373409	0.900920	0.337845	-0.272405	0.073352	634.444444	2087.000000	0.000000	0.000000
/Users/Examples/	MEF_SAG-treated_Example_CQP.tif	7	4	0	45.268408	25.286919	6.000000	0.553756	0.905910	0.362364	-0.219131	-0.136927	684.000000	2215.333333	0.000000	0.000000
/Users/Examples/	MEF_SAG-treated_Example_CQP.tif	7	5	0	45.337309	25.355820	6.166667	0.746818	0.907501	0.378125	-0.182930	0.043345	573.222222	1939.555556	0.000000	0.000000
/Users/Examples/	MEF_SAG-treated_Example_CQP.tif	7	6	0	45.406211	25.355820	6.000000	0.927165	0.907501	0.378125	-0.182930	0.043345	601.444444	2134.444444	0.000000	0.000000
/Users/Examples/	MEF_SAG-treated_Example_CQP.tif	7	7	0	45.475113	25.424722	6.166667	1.120226	0.910366	0.413803	0.000000	0.096468	559.000000	1838.000000	0.000000	0.000000
/Users/Examples/	MEF_SAG-treated_Example_CQP.tif	7	8	0	45.544014	25.424722	6.000000	1.300574	0.905910	0.362364	-0.219131	0.000000	720.333333	2004.000000	0.000000	0.000000
/Users/Examples/	MEF_SAG-treated_Example_CQP.tif	7	9	0	45.612916	25.424722	6.000000	1.369476	0.905910	0.362364	-0.219131	0.000000	881.666667	2170.000000	0.000000	0.000000
/Users/Examples/	MEF_SAG-treated_Example_CQP.tif	7	10	0	45.681818	25.424722	6.000000	1.438377	0.913812	0.406138	0.000000	0.025626	1043.000000	2336.000000	0.000000	0.000000
/Users/Examples/	MEF_SAG-treated_Example_CQP.tif	7	11	0	45.750719	25.493624	6.000000	1.535819	0.913812	0.406138	0.000000	0.025626	837.666667	2183.555556	0.000000	0.000000
/Users/Examples/	MEF_SAG-treated_Example_CQP.tif	7	12	0	45.819621	25.493624	6.000000	1.604721	0.900920	0.337845	-0.272405	0.051471	802.666667	2428.111111	0.000000	0.000000
/Users/Examples/	MEF_SAG-treated_Example_CQP.tif	7	13	0	45.888523	25.562525	6.000000	1.702162	0.900920	0.337845	-0.272405	0.051471	619.333333	2403.333333	0.000000	0.000000
/Users/Examples/	MEF_SAG-treated_Example_CQP.tif	8	1	0	49.471410	1.033525	5.166667	0.000000	-0.707107	0.707107	0.000000	0.000000	379.333333	885.666667	0.000000	0.000000
/Users/Examples/	MEF_SAG-treated_Example_CQP.tif	8	2	0	49.402509	1.102427	5.166667	0.097442	-0.707107	0.707107	0.000000	0.000000	431.666667	866.333333	0.000000	0.000000
/Users/Examples/	MEF_SAG-treated_Example_CQP.tif	9	1	0	16.605306	29.214315	7.166667	0.000000	-0.554700	0.832050	0.000000	0.000000	1455.000000	3445.333333	0.000000	0.000000
/Users/Examples/	MEF_SAG-treated_Example_CQP.tif	9	2	0	16.536405	29.283216	7.166667	0.097442	-0.554700	0.832050	0.000000	0.000000	1719.333333	3941.000000	0.000000	0.000000
/Users/Examples/	MEF_SAG-treated_Example_CQP.tif	9	3	0	16.467503	29.352118	7.000000	0.290503	-0.554700	0.832050	0.000000	0.000000	1559.333333	3475.666667	0.000000	0.000000
/Users/Examples/	MEF_SAG-treated_Example_CQP.tif	9	4	0	16.467503	29.421020	7.166667	0.470850	-0.554700	0.832050	0.000000	0.000000	1518.333333	3324.888889	0.000000	0.000000
/Users/Examples/	MEF_SAG-treated_Example_CQP.tif	10	1	0	18.258947	46.990950	6.833333	0.000000	-0.707107	0.707107	0.000000	0.000000	2415.555556	3085.777778	0.000000	0.000000
/Users/Examples/	MEF_SAG-treated_Example_CQP.tif	10	2	0	18.190045	47.059851	6.833333	0.097442	-0.707107	0.707107	0.000000	0.000000	2304.666667	3289.666667	0.000000	0.000000
/Users/Examples/	MEF_SAG-treated_Example_CQP.tif	10	3	0	18.121143	47.128753	6.833333	0.194883	-0.707107	0.707107	0.000000	0.000000	2193.000000	3121.000000	0.000000	0.000000
/Users/Examples/	MEF_SAG-treated_Example_CQP.tif	10	4	0	18.121143	47.197655	6.833333	0.263785	-0.707107	0.707107	0.000000	0.000000	1635.111111	2627.777778	0.000000	0.000000
/Users/Examples/	MEF_SAG-treated_Example_CQP.tif	10	5	0	18.052242	47.266556	6.833333	0.361227	-0.707107	0.707107	0.000000	0.000000	1289.111111	2506.444444	0.000000	0.000000
/Users/Examples/	MEF_SAG-treated_Example_CQP.tif	10	6	0	17.983340	47.266556	6.833333	0.430128	-0.707107	0.707107	0.000000	0.000000	1501.000000	2878.333333	0.000000	0.000000
/Users/Examples/	MEF_SAG-treated_Example_CQP.tif	10	7	0	17.914438	47.335458	6.833333	0.527570	-0.707107	0.707107	0.000000	0.000000	1500.333333	3012.000000	0.000000	0.000000
/Users/Examples/	MEF_SAG-treated_Example_CQP.tif	10	8	0	17.845537	47.404360	6.833333	0.625012	-0.707107	0.707107	0.000000	0.000000	1474.111111	2601.333333	0.000000	0.000000
/Users/Examples/	MEF_SAG-treated_Example_CQP.tif	10	9	0	17.776635	47.473261	6.833333	0.722454	-0.707107	0.707107	0.000000	0.000000	1226.333333	2347.333333	0.000000	0.000000
/Users/Examples/	MEF_SAG-treated_Example_CQP.tif	10	10	0	17.707733	47.542163	6.833333	0.819895	-0.707107	0.707107	0.000000	0.000000	1306.000000	2477.333333	0.000000	0.000000
/Users/Examples/	MEF_SAG-treated_Example_CQP.tif	11	1	0	23.702180	11.299876	7.166667	0.000000	0.839622	0.503773	-0.203097	-0.054474	680.444444	2188.111111	0.000000	0.000000
/Users/Examples/	MEF_SAG-treated_Example_CQP.tif	11	2	0	23.771082	11.368778	7.166667	0.097442	0.839622	0.503773	-0.203097	-0.054474	496.000000	2257.000000	0.000000	0.000000
/Users/Examples/	MEF_SAG-treated_Example_CQP.tif	11	3	0	23.839983	11.368778	7.166667	0.166343	0.790969	0.503344	-0.347869	-0.063709	511.333333	2432.333333	0.000000	0.000000
/Users/Examples/	MEF_SAG-treated_Example_CQP.tif	11	4	0	23.908885	11.437680	7.166667	0.263785	0.788852	0.525901	-0.318026	-0.064682	527.222222	2280.222222	0.000000	0.000000
/Users/Examples/	MEF_SAG-treated_Example_CQP.tif	11	5	0	23.977787	11.506582	7.166667	0.361227	0.786214	0.544302	-0.292581	-0.068898	618.666667	2163.666667	0.000000	0.000000
/Users/Examples/	MEF_SAG-treated_Example_CQP.tif	11	6	0	24.046688	11.506582	7.166667	0.430128	0.786214	0.544302	-0.292581	-0.068898	686.111111	2130.666667	0.000000	0.000000
/Users/Examples/	MEF_SAG-treated_Example_CQP.tif	11	7	0	24.115590	11.575483	7.166667	0.527570	0.783353	0.559538	-0.270694	-0.091525	797.666667	1870.000000	0.000000	0.000000
/Users/Examples/	MEF_SAG-treated_Example_CQP.tif	11	8	0	24.184492	11.575483	7.166667	0.596472	0.783353	0.559538	-0.270694	-0.091525	868.000000	1878.000000	0.000000	0.000000
/Users/Examples/	MEF_SAG-treated_Example_CQP.tif	11	9	0	24.253393	11.644385	7.166667	0.693914	0.783353	0.559538	-0.270694	-0.091525	744.222222	1817.000000	0.000000	0.000000
/Users/Examples/	MEF_SAG-treated_Example_CQP.tif	11	10	0	24.322295	11.644385	7.166667	0.762815	0.783353	0.559538	-0.270694	-0.091525	803.111111	2021.333333	0.000000	0.000000
/Users/Examples/	MEF_SAG-treated_Example_CQP.tif	11	11	0	24.391197	11.713287	7.000000	0.955877	0.783353	0.559538	-0.270694	-0.091525	785.000000	2111.333333	0.000000	0.000000
/Users/Examples/	MEF_SAG-treated_Example_CQP.tif	11	12	0	24.460098	11.782188	6.833333	1.148938	0.761380	0.571035	-0.306951	-0.046479	882.333333	2167.333333	0.000000	0.000000
/Users/Examples/	MEF_SAG-treated_Example_CQP.tif	11	13	0	24.529000	11.851090	6.833333	1.246380	0.761972	0.554162	-0.335116	-0.058100	894.666667	2059.888889	0.000000	0.000000
/Users/Examples/	MEF_SAG-treated_Example_CQP.tif	11	14	0	24.597902	11.919992	6.833333	1.343821	0.761598	0.533119	-0.368447	-0.072914	815.666667	1982.666667	0.000000	0.000000
/Users/Examples/	MEF_SAG-treated_Example_CQP.tif	11	15	0	24.666804	11.988893	6.833333	1.441263	0.720153	0.540115	-0.435495	-0.097172	765.000000	1911.666667	0.000000	0.000000
/Users/Examples/	MEF_SAG-treated_Example_CQP.tif	12	1	0	25.355820	2.135952	6.666667	0.000000				0.000000	279.444444	686.333333	0.000000	0.000000
/Users/Examples/	MEF_SAG-treated_Example_CQP.tif	13	1	0	2.824969	18.465652	7.500000	0.000000	-0.707107	0.707107	0.000000	0.118424	729.333333	1670.444444	0.000000	0.000000
/Users/Examples/	MEF_SAG-treated_Example_CQP.tif	13	2	0	2.756067	18.396750	7.500000	0.097442	-0.611527	0.733833	0.295845	0.145377	934.333333	2353.000000	0.000000	0.000000
/Users/Examples/	MEF_SAG-treated_Example_CQP.tif	13	3	0	2.687166	18.465652	7.500000	0.194883	-0.611527	0.733833	0.295845	0.145377	935.333333	2367.333333	0.000000	0.000000
/Users/Examples/	MEF_SAG-treated_Example_CQP.tif	13	4	0	2.618264	18.534553	7.500000	0.292325	-0.600000	0.800000	0.000000	0.137776	919.444444	2072.888889	0.000000	0.000000
/Users/Examples/	MEF_SAG-treated_Example_CQP.tif	13	5	0	2.618264	18.603455	7.666667	0.472673	-0.600574	0.772166	-0.207533	0.124139	890.000000	1923.666667	0.000000	0.000000
/Users/Examples/	MEF_SAG-treated_Example_CQP.tif	13	6	0	2.618264	18.672357	7.666667	0.541574	-0.600574	0.772166	-0.207533	0.124139	774.444444	1702.444444	0.000000	0.000000
/Users/Examples/	MEF_SAG-treated_Example_CQP.tif	13	7	0	2.549362	18.741259	7.666667	0.639016	-0.600574	0.772166	-0.207533	0.124139	745.111111	1901.111111	0.000000	0.000000
/Users/Examples/	MEF_SAG-treated_Example_CQP.tif	13	8	0	2.480461	18.810160	7.500000	0.832077	-0.554700	0.832050	0.000000	0.100630	610.000000	2390.000000	0.000000	0.000000
/Users/Examples/	MEF_SAG-treated_Example_CQP.tif	13	9	0	2.480461	18.879062	7.666667	1.012425	-0.470588	0.882353	0.000000	0.159156	536.000000	2102.333333	0.000000	0.000000
/Users/Examples/	MEF_SAG-treated_Example_CQP.tif	13	10	0	2.411559	18.947964	7.500000	1.205486	-0.419058	0.907959	0.000000	0.093894	535.555556	1876.444444	0.000000	0.000000
/Users/Examples/	MEF_SAG-treated_Example_CQP.tif	13	11	0	2.411559	19.016865	7.500000	1.274388	-0.419058	0.907959	0.000000	0.093894	486.666667	1780.666667	0.000000	0.000000
/Users/Examples/	MEF_SAG-treated_Example_CQP.tif	13	12	0	2.342657	19.085767	7.333333	1.467449	-0.440118	0.880235	-0.177434	0.066078	747.555556	2005.333333	0.000000	0.000000
/Users/Examples/	MEF_SAG-treated_Example_CQP.tif	13	13	0	2.342657	19.154669	7.500000	1.647797	-0.406138	0.913812	0.000000	0.126386	909.777778	1976.333333	0.000000	0.000000
/Users/Examples/	MEF_SAG-treated_Example_CQP.tif	13	14	0	2.342657	19.223570	7.500000	1.716698	-0.406138	0.913812	0.000000	0.126386	1072.000000	1947.333333	0.000000	0.000000
/Users/Examples/	MEF_SAG-treated_Example_CQP.tif	13	15	0	2.273756	19.292472	7.500000	1.814140	-0.406138	0.913812	0.000000	0.126386	1382.333333	2138.333333	0.000000	0.000000
/Users/Examples/	MEF_SAG-treated_Example_CQP.tif	13	16	0	2.273756	19.361374	7.500000	1.883042	-0.431705	0.863410	-0.261063	0.136677	1357.666667	1825.666667	0.000000	0.000000
/Users/Examples/	MEF_SAG-treated_Example_CQP.tif	13	17	0	2.204854	19.430275	7.500000	1.980483	-0.431705	0.863410	-0.261063	0.136677	1437.666667	1626.333333	0.000000	0.000000
/Users/Examples/	MEF_SAG-treated_Example_CQP.tif	14	1	0	14.951666	8.543809	8.666667	0.000000	-0.680993	0.194570	-0.705968	0.096416	318.555556	1227.333333	0.000000	0.000000
/Users/Examples/	MEF_SAG-treated_Example_CQP.tif	14	2	0	14.882764	8.474907	8.500000	0.193061	-0.786500	0.235950	-0.570741	0.149661	403.000000	1913.000000	0.000000	0.000000
/Users/Examples/	MEF_SAG-treated_Example_CQP.tif	14	3	0	14.813862	8.543809	8.500000	0.290503	-0.786500	0.235950	-0.570741	0.149661	409.444444	1669.777778	0.000000	0.000000
/Users/Examples/	MEF_SAG-treated_Example_CQP.tif	14	4	0	14.744961	8.543809	8.333333	0.470850	-0.786500	0.235950	-0.570741	0.149661	505.222222	1898.222222	0.000000	0.000000
/Users/Examples/	MEF_SAG-treated_Example_CQP.tif	14	5	0	14.676059	8.612711	8.333333	0.568292	-0.786500	0.235950	-0.570741	0.149661	403.000000	1409.333333	0.000000	0.000000
/Users/Examples/	MEF_SAG-treated_Example_CQP.tif	14	6	0	14.607157	8.681612	8.333333	0.665734	-0.786500	0.235950	-0.570741	0.149661	213.333333	1022.666667	0.000000	0.000000
/Users/Examples/	MEF_SAG-treated_Example_CQP.tif	14	7	0	14.538256	8.681612	8.333333	0.734636	-0.786500	0.235950	-0.570741	0.149661	221.666667	1353.333333	0.000000	0.000000
/Users/Examples/	MEF_SAG-treated_Example_CQP.tif	14	8	0	14.469354	8.681612	8.166667	0.914983	-0.786500	0.235950	-0.570741	0.149661	483.000000	1766.000000	0.000000	0.000000
/Users/Examples/	MEF_SAG-treated_Example_CQP.tif	14	9	0	14.400452	8.750514	8.166667	1.012425	-0.820203	0.364535	-0.440887	0.097072	460.666667	1540.333333	0.000000	0.000000
/Users/Examples/	MEF_SAG-treated_Example_CQP.tif	14	10	0	14.331551	8.750514	8.166667	1.081326	-0.820203	0.364535	-0.440887	0.097072	548.000000	1797.000000	0.000000	0.000000
/Users/Examples/	MEF_SAG-treated_Example_CQP.tif	14	11	0	14.262649	8.750514	8.166667	1.150228	-0.820203	0.364535	-0.440887	0.097072	635.333333	2053.666667	0.000000	0.000000
/Users/Examples/	MEF_SAG-treated_Example_CQP.tif	15	1	0	39.618469	3.996298	8.333333	0.000000	-0.694577	-0.347288	-0.630043	0.197162	399.111111	1843.333333	0.000000	0.000000
/Users/Examples/	MEF_SAG-treated_Example_CQP.tif	15	2	0	39.549568	3.996298	8.333333	0.068902	-0.735681	-0.326969	-0.593181	0.174881	351.222222	1819.000000	0.000000	0.000000
/Users/Examples/	MEF_SAG-treated_Example_CQP.tif	15	3	0	39.480666	3.927396	8.166667	0.261963	-0.806005	-0.335835	-0.487412	0.181681	484.000000	2109.000000	0.000000	0.000000
/Users/Examples/	MEF_SAG-treated_Example_CQP.tif	15	4	0	39.411764	3.858494	8.000000	0.455024	-0.846296	-0.302249	-0.438667	0.206051	489.444444	1918.777778	0.000000	0.000000
/Users/Examples/	MEF_SAG-treated_Example_CQP.tif	15	5	0	39.342863	3.789593	7.833333	0.648086	-0.887804	-0.261119	-0.378973	0.222309	533.777778	1920.777778	0.000000	0.000000
/Users/Examples/	MEF_SAG-treated_Example_CQP.tif	15	6	0	39.273961	3.789593	7.833333	0.716987	-0.898138	-0.249483	-0.362085	0.212075	489.666667	1765.666667	0.000000	0.000000
/Users/Examples/	MEF_SAG-treated_Example_CQP.tif	15	7	0	39.205059	3.720691	7.833333	0.814429	-0.896007	-0.282950	-0.342214	0.205310	472.666667	1910.666667	0.000000	0.000000
/Users/Examples/	MEF_SAG-treated_Example_CQP.tif	15	8	0	39.136158	3.720691	7.833333	0.883331	-0.904746	-0.271424	-0.328274	0.196628	328.333333	1706.333333	0.000000	0.000000
/Users/Examples/	MEF_SAG-treated_Example_CQP.tif	15	9	0	39.067256	3.720691	7.833333	0.952232	-0.904746	-0.271424	-0.328274	0.196628	184.000000	1502.000000	0.000000	0.000000
/Users/Examples/	MEF_SAG-treated_Example_CQP.tif	15	10	0	38.998354	3.720691	7.833333	1.021134	-0.896007	-0.282950	-0.342214	0.189015	201.333333	1357.666667	0.000000	0.000000
/Users/Examples/	MEF_SAG-treated_Example_CQP.tif	15	11	0	38.929452	3.720691	7.833333	1.090036	-0.932750	-0.259097	-0.250693	0.175301	218.666667	1213.333333	0.000000	0.000000
/Users/Examples/	MEF_SAG-treated_Example_CQP.tif	15	12	0	38.860551	3.720691	7.833333	1.158937	-0.932750	-0.259097	-0.250693	0.175301	236.000000	1069.000000	0.000000	0.000000
/Users/Examples/	MEF_SAG-treated_Example_CQP.tif	15	13	0	38.791649	3.651789	7.833333	1.256379	-0.932750	-0.259097	-0.250693	0.175301	300.000000	1331.555556	0.000000	0.000000
/Users/Examples/	MEF_SAG-treated_Example_CQP.tif	15	14	0	38.722747	3.651789	7.833333	1.325281	-0.964212	-0.226874	-0.137196	0.175564	273.000000	1322.777778	0.000000	0.000000
/Users/Examples/	MEF_SAG-treated_Example_CQP.tif	15	15	0	38.653846	3.651789	7.833333	1.394182	-0.964212	-0.226874	-0.137196	0.175564	246.000000	1314.000000	0.000000	0.000000
/Users/Examples/	MEF_SAG-treated_Example_CQP.tif	15	16	0	38.584944	3.651789	7.833333	1.463084	-0.982872	-0.184289	0.000000	0.171279	241.000000	1199.000000	0.000000	0.000000
/Users/Examples/	MEF_SAG-treated_Example_CQP.tif	15	17	0	38.516042	3.651789	7.833333	1.531986	-0.982872	-0.184289	0.000000	0.171279	236.000000	1084.000000	0.000000	0.000000
/Users/Examples/	MEF_SAG-treated_Example_CQP.tif	15	18	0	38.447141	3.651789	7.833333	1.600888	-0.982872	-0.184289	0.000000	0.171279	231.000000	969.000000	0.000000	0.000000
/Users/Examples/	MEF_SAG-treated_Example_CQP.tif	15	19	0	38.378239	3.651789	7.833333	1.669789	-0.980581	-0.196116	0.000000	0.172305	282.444444	1009.555556	0.000000	0.000000
/Users/Examples/	MEF_SAG-treated_Example_CQP.tif	15	20	0	38.309337	3.582888	7.833333	1.767231	-0.989949	-0.141421	0.000000	0.184914	394.777778	1446.555556	0.000000	0.000000
/Users/Examples/	MEF_SAG-treated_Example_CQP.tif	15	21	0	38.240436	3.582888	7.833333	1.836133	-0.988372	-0.152057	0.000000	0.188483	418.666667	1513.333333	0.000000	0.000000
/Users/Examples/	MEF_SAG-treated_Example_CQP.tif	16	1	0	49.402509	40.031879	7.833333	0.000000	-0.920345	0.334671	0.202384	0.105402	592.333333	2505.666667	0.000000	0.000000
/Users/Examples/	MEF_SAG-treated_Example_CQP.tif	16	2	0	49.333607	40.031879	7.833333	0.068902	-0.931799	0.310600	0.187828	0.098396	678.444444	2607.555556	0.000000	0.000000
/Users/Examples/	MEF_SAG-treated_Example_CQP.tif	16	3	0	49.264705	40.031879	7.833333	0.137803	-0.919581	0.353685	0.171106	0.092978	764.555556	2709.444444	0.000000	0.000000
/Users/Examples/	MEF_SAG-treated_Example_CQP.tif	16	4	0	49.195804	40.031879	7.833333	0.206705	-0.919581	0.353685	0.171106	0.092978	850.666667	2811.333333	0.000000	0.000000
/Users/Examples/	MEF_SAG-treated_Example_CQP.tif	16	5	0	49.126902	40.031879	7.833333	0.275607	-0.948524	0.271007	0.163885	0.090753	989.777778	2868.666667	0.000000	0.000000
/Users/Examples/	MEF_SAG-treated_Example_CQP.tif	16	6	0	49.058000	40.031879	7.833333	0.344508	-0.948524	0.271007	0.163885	0.090753	1128.888889	2926.000000	0.000000	0.000000
/Users/Examples/	MEF_SAG-treated_Example_CQP.tif	16	7	0	48.989099	40.100781	7.833333	0.441950	-0.948683	0.316228	0.000000	0.078094	1451.000000	3487.000000	0.000000	0.000000
/Users/Examples/	MEF_SAG-treated_Example_CQP.tif	16	8	0	48.920197	40.100781	7.833333	0.510852	-0.948683	0.316228	0.000000	0.078094	1457.666667	3408.333333	0.000000	0.000000
/Users/Examples/	MEF_SAG-treated_Example_CQP.tif	16	9	0	48.851295	40.169683	7.833333	0.608294	-0.942990	0.332820	0.000000	0.069530	1239.444444	3080.888889	0.000000	0.000000
/Users/Examples/	MEF_SAG-treated_Example_CQP.tif	16	10	0	48.782394	40.238584	7.833333	0.705735	-0.948683	0.316228	0.000000	0.063527	1172.333333	3015.666667	0.000000	0.000000
/Users/Examples/	MEF_SAG-treated_Example_CQP.tif	16	11	0	48.713492	40.238584	7.833333	0.774637	-0.938343	0.345705	0.000000	0.062491	1096.000000	2958.111111	0.000000	0.000000
/Users/Examples/	MEF_SAG-treated_Example_CQP.tif	16	12	0	48.644590	40.307486	8.000000	0.967698	-0.934488	0.355995	0.000000	0.100846	786.333333	2901.333333	0.000000	0.000000
/Users/Examples/	MEF_SAG-treated_Example_CQP.tif	16	13	0	48.575688	40.307486	8.000000	1.036600	-0.934488	0.355995	0.000000	0.103366	668.000000	2903.000000	0.000000	0.000000
/Users/Examples/	MEF_SAG-treated_Example_CQP.tif	16	14	0	48.506787	40.376388	8.000000	1.134042	-0.919145	0.393919	0.000000	0.100038	694.777778	2491.777778	0.000000	0.000000
/Users/Examples/	MEF_SAG-treated_Example_CQP.tif	16	15	0	48.437885	40.307486	8.000000	1.231483	-0.903738	0.428086	0.000000	0.109149	1072.000000	3337.000000	0.000000	0.000000
/Users/Examples/	MEF_SAG-treated_Example_CQP.tif	16	16	0	48.368983	40.376388	7.833333	1.424545	-0.904819	0.425797	0.000000	0.069171	997.666667	2978.000000	0.000000	0.000000
/Users/Examples/	MEF_SAG-treated_Example_CQP.tif	16	17	0	48.300082	40.445290	7.833333	1.521986	-0.906183	0.422885	0.000000	0.075661	764.000000	2675.888889	0.000000	0.000000
/Users/Examples/	MEF_SAG-treated_Example_CQP.tif	16	18	0	48.231180	40.445290	7.833333	1.590888	-0.906183	0.422885	0.000000	0.075661	806.666667	2949.777778	0.000000	0.000000
/Users/Examples/	MEF_SAG-treated_Example_CQP.tif	16	19	0	48.162278	40.445290	7.833333	1.659790	-0.919145	0.393919	0.000000	0.082353	849.333333	3223.666667	0.000000	0.000000
/Users/Examples/	MEF_SAG-treated_Example_CQP.tif	16	20	0	48.093377	40.514191	7.833333	1.757231	-0.907959	0.419058	0.000000	0.084447	883.666667	3400.333333	0.000000	0.000000
/Users/Examples/	MEF_SAG-treated_Example_CQP.tif	16	21	0	48.024475	40.514191	7.833333	1.826133	-0.907501	0.378125	-0.182930	0.098501	1103.333333	3747.666667	0.000000	0.000000
/Users/Examples/	MEF_SAG-treated_Example_CQP.tif	16	22	0	47.955573	40.583093	7.833333	1.923575	-0.907501	0.378125	-0.182930	0.098501	1035.666667	3301.666667	0.000000	0.000000
/Users/Examples/	MEF_SAG-treated_Example_CQP.tif	16	23	0	47.886672	40.583093	7.833333	1.992476	-0.892655	0.405752	-0.196295	0.104944	1314.111111	3438.666667	0.000000	0.000000
/Users/Examples/	MEF_SAG-treated_Example_CQP.tif	16	24	0	47.817770	40.651995	7.833333	2.089918	-0.905910	0.362364	-0.219131	-0.116012	1194.777778	3056.333333	0.000000	0.000000
/Users/Examples/	MEF_SAG-treated_Example_CQP.tif	17	1	0	6.407857	43.132455	8.833333	0.000000	0.306424	0.919272	-0.247070	-0.076013	1137.000000	1417.666667	0.000000	0.000000
/Users/Examples/	MEF_SAG-treated_Example_CQP.tif	17	2	0	6.407857	43.201357	8.833333	0.068902	0.338783	0.846958	-0.409742	-0.063520	1068.000000	1305.000000	0.000000	0.000000
/Users/Examples/	MEF_SAG-treated_Example_CQP.tif	17	3	0	6.476758	43.270259	8.833333	0.166343	0.315829	0.868529	-0.381980	-0.087693	985.111111	1266.222222	0.000000	0.000000
/Users/Examples/	MEF_SAG-treated_Example_CQP.tif	17	4	0	6.476758	43.339160	8.833333	0.235245	0.295362	0.886087	-0.357227	-0.087196	968.222222	1282.111111	0.000000	0.000000
/Users/Examples/	MEF_SAG-treated_Example_CQP.tif	17	5	0	6.407857	43.408062	8.833333	0.332687	0.211391	0.916028	-0.340890	-0.072348	1106.000000	1308.000000	0.000000	0.000000
/Users/Examples/	MEF_SAG-treated_Example_CQP.tif	17	6	0	6.407857	43.476964	8.833333	0.401588	0.198504	0.926351	-0.320108	0.000000	930.666667	1272.666667	0.000000	0.000000
/Users/Examples/	MEF_SAG-treated_Example_CQP.tif	17	7	0	6.476758	43.545865	8.833333	0.499030	0.198504	0.926351	-0.320108	0.000000	744.000000	1184.888889	0.000000	0.000000
/Users/Examples/	MEF_SAG-treated_Example_CQP.tif	17	8	0	6.545660	43.614767	8.666667	0.692091	0.198504	0.926351	-0.320108	0.000000	1078.666667	1600.333333	0.000000	0.000000
/Users/Examples/	MEF_SAG-treated_Example_CQP.tif	17	9	0	6.545660	43.683669	8.666667	0.760993	0.198504	0.926351	-0.320108	0.000000	1145.000000	1527.111111	0.000000	0.000000
/Users/Examples/	MEF_SAG-treated_Example_CQP.tif	17	10	0	6.614562	43.752570	8.666667	0.858435	0.198504	0.926351	-0.320108	0.000000	1440.666667	1703.000000	0.000000	0.000000
/Users/Examples/	MEF_SAG-treated_Example_CQP.tif	17	11	0	6.683464	43.821472	8.500000	1.051496	0.211391	0.916028	-0.340890	-0.028142	1353.333333	1527.333333	0.000000	0.000000
/Users/Examples/	MEF_SAG-treated_Example_CQP.tif	17	12	0	6.683464	43.890374	8.500000	1.120398	0.152763	0.916580	-0.369520	-0.035023	1731.444444	1701.444444	0.000000	0.000000
/Users/Examples/	MEF_SAG-treated_Example_CQP.tif	17	13	0	6.683464	43.959276	8.500000	1.189299	0.164175	0.902962	-0.397123	-0.047407	2109.555556	1875.555556	0.000000	0.000000
/Users/Examples/	MEF_SAG-treated_Example_CQP.tif	17	14	0	6.614562	44.028177	8.500000	1.286741	0.260717	0.869058	-0.420434	0.073853	2951.000000	2283.000000	0.000000	0.000000
/Users/Examples/	MEF_SAG-treated_Example_CQP.tif	17	15	0	6.614562	44.097079	8.500000	1.355643	0.281713	0.845138	-0.454291	0.093051	3046.333333	2400.666667	0.000000	0.000000
/Users/Examples/	MEF_SAG-treated_Example_CQP.tif	18	1	0	23.633278	44.648292	9.333333	0.000000	-0.939793	0.341743	0.000000	-0.141959	521.666667	1591.666667	0.000000	0.000000
/Users/Examples/	MEF_SAG-treated_Example_CQP.tif	18	2	0	23.564377	44.648292	9.333333	0.068902	-0.931799	0.310600	-0.187828	-0.119600	584.000000	1546.000000	0.000000	0.000000
/Users/Examples/	MEF_SAG-treated_Example_CQP.tif	18	3	0	23.495475	44.717194	9.333333	0.166343	-0.941014	0.289543	-0.175094	-0.125064	411.000000	1311.555556	0.000000	0.000000
/Users/Examples/	MEF_SAG-treated_Example_CQP.tif	18	4	0	23.426573	44.786096	9.333333	0.263785	-0.954715	0.254591	-0.153958	-0.125123	269.333333	1030.222222	0.000000	0.000000
/Users/Examples/	MEF_SAG-treated_Example_CQP.tif	18	5	0	23.357671	44.786096	9.333333	0.332687	-0.959873	0.239968	-0.145115	-0.121012	217.666667	1128.000000	0.000000	0.000000
/Users/Examples/	MEF_SAG-treated_Example_CQP.tif	18	6	0	23.288770	44.786096	9.333333	0.401588	-0.959873	0.239968	-0.145115	-0.121012	247.000000	1233.777778	0.000000	0.000000
/Users/Examples/	MEF_SAG-treated_Example_CQP.tif	18	7	0	23.219868	44.854997	9.333333	0.499030	-0.959873	0.239968	-0.145115	-0.121012	161.000000	969.333333	0.000000	0.000000
/Users/Examples/	MEF_SAG-treated_Example_CQP.tif	18	8	0	23.150966	44.854997	9.333333	0.567932	-0.938090	0.220727	-0.266959	-0.127527	162.000000	1103.000000	0.000000	0.000000
/Users/Examples/	MEF_SAG-treated_Example_CQP.tif	18	9	0	23.082065	44.854997	9.333333	0.636834	-0.944229	0.209829	-0.253778	-0.126374	197.333333	1129.000000	0.000000	0.000000
/Users/Examples/	MEF_SAG-treated_Example_CQP.tif	18	10	0	23.013163	44.854997	9.333333	0.705735	-0.949520	0.199899	-0.241768	-0.126258	232.666667	1155.000000	0.000000	0.000000
/Users/Examples/	MEF_SAG-treated_Example_CQP.tif	18	11	0	22.944261	44.923899	9.333333	0.803177	-0.954109	0.190822	-0.230790	-0.139419	221.333333	945.666667	0.000000	0.000000
/Users/Examples/	MEF_SAG-treated_Example_CQP.tif	18	12	0	22.875360	44.923899	9.333333	0.872079	-0.949260	0.226014	-0.218683	-0.138904	229.555556	1009.222222	0.000000	0.000000
/Users/Examples/	MEF_SAG-treated_Example_CQP.tif	18	13	0	22.806458	44.923899	9.166667	1.052426	-0.944485	0.236121	-0.228462	-0.095336	405.666667	1082.777778	0.000000	0.000000
/Users/Examples/	MEF_SAG-treated_Example_CQP.tif	18	14	0	22.737556	44.923899	9.166667	1.121328	-0.949520	0.199899	-0.241768	-0.100199	360.000000	1139.333333	0.000000	0.000000
/Users/Examples/	MEF_SAG-treated_Example_CQP.tif	18	15	0	22.668655	44.923899	9.166667	1.190229	-0.953457	0.158909	-0.256258	-0.106520	352.333333	1198.777778	0.000000	0.000000
/Users/Examples/	MEF_SAG-treated_Example_CQP.tif	18	16	0	22.599753	44.923899	9.166667	1.259131	-0.953457	0.158909	-0.256258	-0.106520	344.666667	1258.222222	0.000000	0.000000
/Users/Examples/	MEF_SAG-treated_Example_CQP.tif	18	17	0	22.530851	44.923899	9.166667	1.328033	-0.948250	0.167338	-0.269850	-0.112013	337.000000	1317.666667	0.000000	0.000000
/Users/Examples/	MEF_SAG-treated_Example_CQP.tif	18	18	0	22.461950	44.923899	9.000000	1.508380	-0.936660	0.133809	-0.323670	-0.086835	379.888889	1503.444444	0.000000	0.000000
/Users/Examples/	MEF_SAG-treated_Example_CQP.tif	18	19	0	22.393048	44.923899	9.000000	1.577282	-0.927615	0.142710	-0.345202	-0.094236	422.777778	1689.222222	0.000000	0.000000
/Users/Examples/	MEF_SAG-treated_Example_CQP.tif	18	20	0	22.324146	44.923899	9.000000	1.646184	-0.916580	0.152763	-0.369520	-0.102829	465.666667	1875.000000	0.000000	0.000000
/Users/Examples/	MEF_SAG-treated_Example_CQP.tif	18	21	0	22.255245	44.923899	9.000000	1.715085	-0.912229	0.082930	-0.401199	-0.115894	633.555556	1951.666667	0.000000	0.000000
/Users/Examples/	MEF_SAG-treated_Example_CQP.tif	18	22	0	22.186343	44.992801	9.000000	1.812527	-0.896566	0.089657	-0.433742	-0.138253	582.555556	1584.333333	0.000000	0.000000
